iid:1|1|0.781748790240068|-0.143358750973615|1.6440846054412
iid:2|0|-2.48105783599817|-0.321652652164867|-0.961409755880533
iid:3|1|2.00572384021719|1.59965788450052|-1.78319908390912
iid:4|0|0.55123511066974|2.25845992354199|-1.95994595957918
iid:5|1|1.86834511734038|3.40374252405924|1.21507028800259
iid:6|0|1.83339119451479|-1.92519393415095|-2.14184015090325
iid:7|1|0.68329827279226|1.50629332341335|1.85979015166125
iid:8|0|1.60597335010923|-0.405376922678082|-2.12933212691005
iid:9|1|-0.512239400324754|-1.23397124222513|1.39155854514592
iid:10|0|0.718687798787602|-4.17742292307905|-0.803743310883946
iid:11|1|2.35845807897774|2.47562930305086|-1.5883904439604
iid:12|0|-1.48703167375471|-2.60958517154424|-0.265650426030025
iid:13|1|0.939396325127022|0.857269588257443|1.70053545208986
iid:14|0|-0.912100230851933|-2.6083616015059|-2.18321870975402
iid:15|1|1.19030121571687|-0.0549880038075836|-0.136900892964501
iid:16|0|-1.88914090481833|-0.347975096968331|-1.0421654091692
iid:17|1|1.49093317710029|1.66320348539907|0.216803804978289
iid:18|0|-0.929668215893118|0.975133294582366|-0.78126361576904
iid:19|1|-0.407536432970402|2.02949420321868|2.30573298878026
iid:20|0|-1.79310636957608|-0.46020926772809|-0.895545268057265
iid:21|1|0.352447165417546|1.15035026673342|5.10361434146228
iid:22|0|-2.38690376964037|1.26296851796013|0.354357977559502
iid:23|1|-0.41170363553228|4.51588894595485|-1.61906335278847
iid:24|0|-1.01780921477626|4.53303651883727|-1.46682173072121
iid:25|1|1.26273949431905|1.34939053395768|0.0564780530228828
iid:26|0|-2.4415555248068|-4.81028498771214|-2.49687183226525
iid:27|1|-0.398710386741058|2.71391595794196|2.32536093066503
iid:28|0|-1.45081553497993|-6.82213449819564|-0.884954675749948
iid:29|1|1.58735286945645|0.587981864649992|0.787132755792439
iid:30|0|0.87005476981404|0.393458386482846|-2.19697002361205
iid:31|1|0.904155535468282|3.0926003427773|-0.89713942480193
iid:32|0|-4.89070541375883|-0.670638779038075|-0.90637104903565
iid:33|1|2.92221849322765|-0.329226366837286|0.441389738403169
iid:34|0|-3.25629335191127|0.321647928433216|-1.66368759004461
iid:35|1|1.84279177299062|0.944433671234977|1.6676820164701
iid:36|0|-2.72814735571466|3.04899622115547|-2.05455922549047
iid:37|1|-0.119284582769776|1.63794191972452|-0.411980826713405
iid:38|0|-2.00732009572973|-6.40985840109626|-0.982672882016525
iid:39|1|0.261666873165331|2.0930735522179|3.12791694548571
iid:40|0|-3.54613358690461|2.60518811355416|-2.84091329360665
iid:41|1|0.970676668028074|3.65550774779889|0.185444084996479
iid:42|0|-3.15268546096248|0.601406715726796|-0.641730821795171
iid:43|1|-0.33749690673738|2.87442993046866|0.445523190244674
iid:44|0|-1.99780608448384|4.72263487896336|0.210485149956266
iid:45|1|0.820352152085648|3.07363445743231|2.57583316311809
iid:46|0|0.20597444834803|-6.08927668120768|-0.371078641563442
iid:47|1|-0.214785267229852|-0.48417725730104|-1.4094950800189
iid:48|0|0.424768557537801|0.989045043734619|0.388967820054659
iid:49|1|-1.15617737807705|0.951223450179116|1.03481916919721
iid:50|0|-2.9990179102583|-4.17158736012977|-0.654373074891721
iid:51|1|0.713343787482927|0.711554198577649|-0.209262156757074
iid:52|0|1.73075149854649|0.795204965881964|-1.6060736052235
iid:53|1|2.96415312380301|0.0699558574595152|2.90048547202276
iid:54|0|1.07774719372854|-4.16284663835894|-0.882793459732208
iid:55|1|1.21396645905824|2.41577778555323|1.73871606150696
iid:56|0|-0.776430533530982|0.262605139487706|-2.84379923043932
iid:57|1|2.23626758685258|-0.738570653041716|1.2038236368595
iid:58|0|-3.4974441548635|-2.73364687026286|-2.09008242926946
iid:59|1|1.19866679836162|2.51071705837377|1.02737216560415
iid:60|0|-1.68716562163982|-1.21669678295879|-0.187555239747795
iid:61|1|1.2537673608506|1.06218336529746|-1.16972622218515
iid:62|0|-1.23215793842497|-3.04772792259195|-2.06261613703481
iid:63|1|-0.203357664445029|3.8157220911045|0.59329738946265
iid:64|0|0.353782152238438|1.00206180627792|-1.06729429588836
iid:65|1|-1.38758115983471|2.2540931306778|-2.06352781350303
iid:66|0|0.6340573665419|-3.10940057627832|-1.89541459770585
iid:67|1|0.351466248485953|0.545967735273529|3.0663204297219
iid:68|0|-0.321706682748108|-4.24496988788417|-0.361090474009505
iid:69|1|1.60320987129283|-1.50155013611348|-1.14902164728803
iid:70|0|-2.7575311220421|2.47784056898195|-0.833610723378862
iid:71|1|0.699045150198137|1.01425456810013|1.92113272156805
iid:72|0|2.48024422627533|-0.984536110191644|-1.25318933237858
iid:73|1|-0.418563617214304|1.8821057896221|-0.838145879225517
iid:74|0|0.781005071066212|2.93165268502798|-1.81454940653651
iid:75|1|2.49770520701394|3.05581007684418|2.50459611423669
iid:76|0|-1.68997905497568|-2.77314272258501|-1.42790210124851
iid:77|1|-0.31856899359535|0.784550761071544|1.56690639339911
iid:78|0|-2.85261390864766|0.594968875270579|-0.364240826136249
iid:79|1|1.8740969103593|-2.09029651168944|3.02699776483914
iid:80|0|-1.23374998729965|1.4481141306566|-1.2448200257791
iid:81|1|-0.49339997679704|1.7811982611067|0.294654291696215
iid:82|0|-0.208559383259068|-3.15558097416848|-0.0275775239778207
iid:83|1|-1.00139988155284|2.55286662157014|1.36980427889843
iid:84|0|-0.211396919237634|2.3904896188605|-0.7725012262596
iid:85|1|-0.288216365062947|1.47826855582999|1.40960467660432
iid:86|0|-1.62845011826299|-1.6181041541441|-0.615205614429566
iid:87|1|4.20069409806091|1.48919337767626|0.907875984547051
iid:88|0|-2.50748949461907|2.84609197643556|-0.874984298161579
iid:89|1|0.614879125225134|2.04271988504997|-0.0844737756902045
iid:90|0|-0.272991132931027|-3.07429440857291|-1.62457387210721
iid:91|1|0.625817728910154|1.15407777976468|-0.520071243845848
iid:92|0|3.01454668551474|2.35406674857747|-0.747814174077769
iid:93|1|-0.289424039580363|-0.579001246531591|-0.900343674020532
iid:94|0|-5.11045705539349|3.41636294217994|-1.14177301860494
iid:95|1|2.84378940049782|2.88304309920907|0.603446055467213
iid:96|0|-0.951193814670848|-1.06182398093193|0.571681692971381
iid:97|1|-2.3049801470024|-1.73160470325851|0.84392821195763
iid:98|0|-1.78783387572674|-1.92567617616254|-1.52110663644311
iid:99|1|2.90668305035546|-1.08610139904508|1.22564631046493
iid:100|0|-3.05104234936981|-1.78372859140428|-2.86164093404481
iid:101|1|0.61437077356316|0.933913443076645|0.554312113817058
iid:102|0|2.71596161137667|-2.81780863229258|-2.46849718445958
iid:103|1|1.02795323240321|-1.47408792151179|-1.62895848619128
iid:104|0|1.44067682798254|-2.51708158798134|-0.722628301114989
iid:105|1|2.28299925157449|1.2699985226227|0.938540971579839
iid:106|0|0.343135583964409|-1.32775910259915|-1.12499584115175
iid:107|1|2.21892954651018|1.94871725308776|0.967121315297283
iid:108|0|1.07264064578505|1.30733639497034|-1.62584909469238
iid:109|1|-0.536150772851407|1.80393867052547|-0.296513001448303
iid:110|0|-0.931717098173441|-0.70661053352294|-2.77923518112985
iid:111|1|2.75416327360269|0.573016149068265|0.830699592972345
iid:112|0|1.1554506309454|1.11783377230983|0.588540943430108
iid:113|1|-0.374963970078851|-0.474680027343491|1.28233042420166
iid:114|0|1.90854852160502|1.89439905013265|-1.88487847664124
iid:115|1|0.612359428852743|2.84733578644504|1.00789241619864
iid:116|0|-1.98674840670933|-2.65475313869564|-0.743236555945664
iid:117|1|-2.84824183657603|-0.497499505654413|-0.542614192978734
iid:118|0|1.42817515905524|-0.866749195092689|-0.948436892486404
iid:119|1|0.265813270047133|2.01942888391005|1.79725017179401
iid:120|0|1.34573085998224|-1.54459162269813|-0.792988874108568
iid:121|1|2.45483990359407|0.645390467546189|1.14810387711281
iid:122|0|-4.8397555542895|-4.27442759577462|-0.17033101741121
iid:123|1|0.81795675898649|2.71706364766934|0.968045612671367
iid:124|0|-2.85577294192591|-0.626945676686226|-0.442383121490592
iid:125|1|2.45165623893904|-0.0461676394156774|2.28694428847043
iid:126|0|0.902102548416626|-3.62508692883873|-1.67924658179757
iid:127|1|0.530395824707045|2.20381525838887|3.11162041491084
iid:128|0|0.14834618674247|2.61269252748645|-0.122732538774308
iid:129|1|1.22016107665165|4.60534169673566|-0.520735539612244
iid:130|0|0.441681595711708|1.39241879834887|0.149271087616454
iid:131|1|0.606976223229707|-0.931326539083049|-1.76164086164249
iid:132|0|-2.85308936361564|-4.95613203314904|-0.667620052499433
iid:133|1|0.114687051200613|2.43231873532973|-0.202881257647741
iid:134|0|1.73139261060009|4.77663576915868|0.586092960936049
iid:135|1|4.61112312319426|1.5366260564811|1.36040896391515
iid:136|0|-0.49165302073787|2.39374498553169|-1.54054151186977
iid:137|1|2.50954535112707|3.25708654408001|2.01007614701858
iid:138|0|-1.04563292793393|0.640451494270518|-0.512854720105375
iid:139|1|1.24496491217774|4.17946853824396|-1.60109951677401
iid:140|0|-1.10670485232745|-1.28528328907481|-3.22152530189376
iid:141|1|3.31239426340644|-0.169583582047593|3.54888459483741
iid:142|0|-0.823932421651342|2.59167610999279|0.467443337455694
iid:143|1|2.09426966278175|-0.958297801903321|2.58411046150659
iid:144|0|3.84366235480955|-4.65436628151086|-0.0702620274627342
iid:145|1|1.80703862261381|3.03530336968676|1.42253216283281
iid:146|0|0.0755828560081786|-1.45375366781755|-2.1687221822304
iid:147|1|4.2079819737154|0.819622218911283|-0.0736451292764819
iid:148|0|-1.66605441254882|3.06466761178636|1.00724262489381
iid:149|1|-0.410755929270865|1.0876805196262|0.798735192835249
iid:150|0|-3.13498205417797|0.358551512674686|-1.97419310843185
iid:151|1|-0.457486329921644|2.71795793082542|-0.203624399196589
iid:152|0|2.89456965913365|-2.77337533291366|-0.795822113511521
iid:153|1|0.920264000884228|-0.63377330455084|-1.08663315409079
iid:154|0|2.74142318249652|-3.52545658039907|-0.173204777986933
iid:155|1|0.835294965393961|2.79930845568908|-0.00919807499093617
iid:156|0|-2.65282350667808|1.15157574898948|-2.03121654094358
iid:157|1|0.802052005524972|1.02593323161157|1.44555889928715
iid:158|0|-1.20871483889819|-5.17088590954758|0.0271224515070903
iid:159|1|-0.525197249738678|2.81555872942447|-0.772720200443836
iid:160|0|-1.70906536590139|-0.956909512330623|-1.60641976689776
iid:161|1|-1.30796265488524|-0.108638759520221|0.237487837151885
iid:162|0|2.27551864520509|0.0359376121158399|-0.196810020574454
iid:163|1|1.43930537599726|3.2359564703155|3.22785525708842
iid:164|0|-2.71949658365393|-4.17945401082111|-2.32012688174356
iid:165|1|-1.87336672586365|-0.085826141923913|-0.877966451424773
iid:166|0|-1.64663500590703|-1.02928304333669|-1.11118776846136
iid:167|1|0.205919666357266|0.797952307261364|-1.98056041550164
iid:168|0|-0.586513437477076|-3.28782620622863|0.17482625574929
iid:169|1|-1.19020299140146|1.22694457282771|2.13032987521781
iid:170|0|1.36955407636479|1.98500455967852|-1.84159058968219
iid:171|1|3.23489640476881|1.27489068359217|3.40168235875883
iid:172|0|-2.8462889648149|-2.41571173067827|-2.73537779830555
iid:173|1|0.419235248062837|-1.78856597240779|2.82957821805194
iid:174|0|-4.89136483798181|-1.94265937409403|-1.44787033519303
iid:175|1|1.45420907330454|0.94127518810483|-0.485689422924693
iid:176|0|-0.885401881665978|-2.47444771961773|-2.57450759491658
iid:177|1|2.2927059764683|-0.213262180578875|2.09299997415393
iid:178|0|-0.370953713166145|-3.26346298088772|-1.02639438929159
iid:179|1|0.0249484039127285|1.38343801965481|1.4424392119003
iid:180|0|-1.73730754047631|-1.76749467382922|-1.46591235800021
iid:181|1|0.678348276758138|1.58410570219398|-1.89728600713246
iid:182|0|-2.6582196177258|-2.22111015827183|0.448082170070337
iid:183|1|-2.659555013685|-0.730999639629887|0.0395328135421742
iid:184|0|0.887969494012155|1.02088869423164|-1.05962836138669
iid:185|1|2.76394870295755|1.05363824212788|1.75138962248512
iid:186|0|-1.77559770705568|0.506222194671959|-2.20902623523229
iid:187|1|1.25933170878512|0.871298902188541|3.98356126854333
iid:188|0|0.889521825662535|-0.920363538472378|-1.42102408899572
iid:189|1|3.15403559985145|1.05060186962589|-0.787148778696683
iid:190|0|-0.595163416354144|2.33040820941522|-0.217167849617804
iid:191|1|0.722873328809197|-2.47094171555554|-1.72171492507364
iid:192|0|-0.818027030936221|5.92913880929665|-2.31473013059652
iid:193|1|0.570893310360671|4.4825336357253|-0.995781354885563
iid:194|0|1.40002154538844|-1.64915911389963|-1.81239461040402
iid:195|1|0.19657222487332|4.19297628134718|1.59993484134885
iid:196|0|-1.80769229321701|2.30984665299653|-1.54385233737164
iid:197|1|0.85931747324975|1.35287830496422|1.27799696797696
iid:198|0|-3.69750429342293|-2.77142708281599|-1.97280052638807
iid:199|1|3.96767761167087|-1.0533524995632|3.65960056293138
iid:200|0|0.294700798807328|0.0214511578101075|-0.383706929486627
iid:201|1|0.207884583434603|1.21403395204649|3.42893963682712
iid:202|0|-0.137290991356713|-5.62618816127543|-1.80793710957072
iid:203|1|3.55688100698067|2.00693100032243|-0.618197005102585
iid:204|0|-0.941897418875613|-3.10778743123261|-2.4899371135594
iid:205|1|2.45156735422685|1.30756663923306|-1.51979242529006
iid:206|0|-3.7677674768642|-3.08264332055843|-0.465714029748261
iid:207|1|1.35883954392607|1.9581791256459|-0.399545208605964
iid:208|0|-1.50089713341394|-3.81000654551365|-2.03703956682281
iid:209|1|-1.01341059142039|1.73133149839049|1.08054562652795
iid:210|0|-0.544562641791347|-4.80325680517268|-2.43612246804356
iid:211|1|2.24777844981234|1.39006682454557|1.22923021700308
iid:212|0|1.85409749347361|2.87184649370964|-2.63265351489136
iid:213|1|0.180372406983522|-0.00832254097984264|1.59768918760073
iid:214|0|-1.66105769474556|-3.68527931901471|-1.19275742849173
iid:215|1|1.10929687973894|0.454241838021685|-0.868532885261057
iid:216|0|0.312494951180685|-2.36793817626338|-2.67630786326917
iid:217|1|0.436181502822987|1.42859906184885|0.155652968328078
iid:218|0|-3.00361938164598|1.44178972739176|-2.1766566469852
iid:219|1|2.88318489628902|0.0878961683162178|1.61462125459301
iid:220|0|-1.3874998915155|1.77127988062096|-2.24973836739056
iid:221|1|-0.00686746956333506|-1.43089006989944|-0.512033728331739
iid:222|0|1.22063597113037|-4.56236424286726|-1.85486823713754
iid:223|1|1.27420907580528|3.07401764873444|3.32012696856584
iid:224|0|-0.620542305572361|-1.36270226238946|-1.8055219990994
iid:225|1|2.98697964491814|1.88016961802399|1.39896985925251
iid:226|0|-2.64629452108074|-2.27012101343546|-1.50076977034449
iid:227|1|0.54996774059188|0.964772529441082|1.31737462039567
iid:228|0|-0.482434808782868|-0.542713158310834|-2.0568895943667
iid:229|1|1.50174274987905|1.39993874286914|3.13677445069125
iid:230|0|-2.32069831220521|-1.40783660583236|-1.983949223185
iid:231|1|0.106688437700508|0.957953616438808|2.26331404630842
iid:232|0|-0.385990704750198|2.06908488669462|-1.06403015666697
iid:233|1|0.392823973849033|2.09219897108254|-0.0205413424392513
iid:234|0|-1.1760291995042|4.1989440609975|-1.00389805943412
iid:235|1|0.954254744199373|1.62537026050598|1.82859471420626
iid:236|0|0.225175449597571|2.50123635293135|-1.19295524707071
iid:237|1|1.78881335786995|3.6588664661692|0.363450289978304
iid:238|0|0.14652506944282|-2.02676276289082|-1.06822359682214
iid:239|1|-0.90939442937429|-0.305920168057643|-0.800963781480886
iid:240|0|-1.90809523154473|-3.43435575465714|0.0642674877317342
iid:241|1|1.92462456708253|-0.488304392268498|0.19709716370641
iid:242|0|-1.44380385590106|-0.161731908812111|-0.611616944249697
iid:243|1|1.74619123593872|1.47914809868917|-2.087427825219
iid:244|0|-4.71233144309403|1.13243409401069|-0.930026243465788
iid:245|1|1.41182873816171|1.73048421227469|-0.334738738926997
iid:246|0|-1.83225937672257|-2.06683385702862|-0.623218928848776
iid:247|1|0.868374765322478|0.0272058011094267|0.639191771796255
iid:248|0|-3.54588828205305|-0.899083961670376|0.0792428874846718
iid:249|1|-2.98061537669538|1.17951349736862|-1.17582477830148
iid:250|0|-1.49329373853851|-0.519361019677317|-1.58089219609588
iid:251|1|0.128697273243883|2.55177621723167|-0.484424461231785
iid:252|0|-0.81519940261781|-3.62302846909622|0.622718514380403
iid:253|1|0.715667609553915|1.00788501425169|3.93616866796447
iid:254|0|0.298937396738453|-4.69095644652209|-0.277844704719807
iid:255|1|-0.0541732328082571|1.09205659027778|1.62061338188511
iid:256|0|-3.18638036350588|0.418255806387737|-1.61027879418418
iid:257|1|1.84909101865398|-0.030081775792631|-2.83437301663631
iid:258|0|-0.872855681908613|-3.68834684048735|-1.15740615185322
iid:259|1|0.587799479084497|-1.13381336730425|1.68543860180344
iid:260|0|-3.22900727269778|-1.14819066345528|0.967163388250456
iid:261|1|-0.637578832416196|3.28331931312265|1.913373691496
iid:262|0|-3.54667720078606|-3.36513211202276|-0.178925554325227
iid:263|1|4.50922087441965|1.03954954039698|1.08325437091338
iid:264|0|-5.4327626077442|0.538156896443612|-1.87964506196204
iid:265|1|-0.831979991343361|-3.83906883879737|-2.23502576665502
iid:266|0|0.108088223318048|2.47112324299966|-1.70936010353641
iid:267|1|-0.676181322840971|2.94317913206631|1.44046674550057
iid:268|0|-3.10888060383583|2.94786705201956|-1.65605854301864
iid:269|1|1.08069278245048|-0.392199883228405|-0.524913467946658
iid:270|0|-2.77373172577218|-4.42900710600222|-0.146434278096235
iid:271|1|2.16896201524148|1.35404271388578|2.45040463127771
iid:272|0|-4.22517158447708|0.771981516669881|-3.67089521952998
iid:273|1|-0.679072025433472|-1.21970602601745|1.90243560884615
iid:274|0|1.83949828803581|-0.784412633954456|-0.617155000246963
iid:275|1|1.04432958546388|-0.23946528093089|2.49152175791027
iid:276|0|-1.0383179143515|-1.30708297373022|0.0410181845943507
iid:277|1|1.06433336027988|2.50987321421137|-0.231978671900024
iid:278|0|1.14852788509863|2.1049670509922|-1.73300740158308
iid:279|1|0.959911306618503|0.51725599910858|1.96032450753767
iid:280|0|-4.27851857166086|-2.78541402598169|-3.63483461462297
iid:281|1|2.65938985821779|-0.973613543057594|-0.759763173930637
iid:282|0|-2.22306639662054|-4.21054566344023|-1.34371365601134
iid:283|1|2.71398213945261|3.36677314698942|-0.667518436176455
iid:284|0|-4.98361861434058|2.20642950451778|-1.33307827942641
iid:285|1|1.92062645471478|3.24766609995468|1.17510752172182
iid:286|0|-2.82485783292648|-0.916012632080519|-0.333339432723697
iid:287|1|1.67779082059362|3.16358709912218|0.438082591019225
iid:288|0|-0.723096299238535|-0.98936475598149|-1.32675303424261
iid:289|1|2.25931950272428|0.478277250033945|2.73994348131536
iid:290|0|-4.8018547359525|-4.72565049405044|-2.01280716624415
iid:291|1|1.46670665956315|2.90201669932761|1.22204866866471
iid:292|0|3.72447438465276|-4.12365677332799|0.697810090954771
iid:293|1|0.0558632839648383|-0.0943987050154429|0.814318814780611
iid:294|0|-3.75903007658107|-1.62835231295809|-1.90401922992959
iid:295|1|2.52687935318291|1.70814402351175|1.5620067412389
iid:296|0|0.823176826740564|-3.69679793699093|-2.83504512200398
iid:297|1|-0.447641608791573|1.24740306986544|1.62027144521335
iid:298|0|0.995023289167809|-1.04056979413919|-2.30825921129687
iid:299|1|2.85437738628978|0.927472729802545|1.64104080565164
iid:300|0|-0.230164367901077|-2.17370565774188|-1.07934759801767
iid:301|1|0.319546625310719|1.14415011355482|1.07083567601493
iid:302|0|-2.81420457459591|-1.65686046134226|-1.95530556572605
iid:303|1|1.36697767513281|-0.242458504322135|2.71221230833659
iid:304|0|0.176575264144378|0.790567550432512|-0.761539439557719
iid:305|1|1.6025358188875|2.55993777710722|0.38566486538594
iid:306|0|0.268675801985542|-0.0143863982782555|-0.248979200787007
iid:307|1|-0.205969639823661|-0.264802002546447|1.82313037820367
iid:308|0|-1.15197881241315|-5.07484582903305|-1.35992371937366
iid:309|1|0.490290739139019|3.372899379125|0.886882029849683
iid:310|0|-3.18669853401931|-2.22088644326565|-3.5474113793414
iid:311|1|-0.32121572209076|-2.31342577663114|1.95023984070905
iid:312|0|-2.78300411053858|-1.91889034881321|-0.563914341262121
iid:313|1|3.08637856860885|3.40823541557911|2.57766255717687
iid:314|0|-0.874225742074066|1.78078188712566|1.31169990234735
iid:315|1|0.775837333807663|-0.862168153659951|1.68384730873375
iid:316|0|0.140787321136528|0.590992080141763|-1.51953175131993
iid:317|1|-1.2441368684179|1.01631166919188|2.60200649023893
iid:318|0|0.113859353160763|-1.1688636728413|0.314860204507321
iid:319|1|1.30868619903807|2.22867938324693|-0.0261876101195968
iid:320|0|-0.706460614143895|-5.40150433077456|0.00934059519618202
iid:321|1|3.10849115983079|2.80770309572339|-0.232890230755363
iid:322|0|-0.0688386573288684|-3.35112705060178|-1.8175783537509
iid:323|1|1.33734095546278|-0.361290787311677|1.88706731653489
iid:324|0|-2.55210613870461|2.83003160636474|-2.43512669112622
iid:325|1|0.565346856211249|0.247159786417619|1.0525051373085
iid:326|0|-2.46350797855477|-2.20483969941273|-0.684740304304597
iid:327|1|3.12156644097639|4.03634362460616|2.98246440093904
iid:328|0|-2.27073067204738|-2.04667445627507|-0.924117906971642
iid:329|1|0.201648071335275|2.39434012354636|0.141801393233785
iid:330|0|0.211078490614511|-0.649547552023723|-0.586964928242271
iid:331|1|0.53608880336364|-0.29797971820104|2.49800704818601
iid:332|0|0.121298326538644|-1.11309661520434|-0.307430763604715
iid:333|1|-1.83836692221733|2.60568584588867|0.560110792869451
iid:334|0|-1.33768038338913|-1.83836929653851|-2.7921781640536
iid:335|1|0.288187292245298|1.48377873353265|0.991372186835375
iid:336|0|-1.18004257600482|-1.60139798325141|-1.84861317369216
iid:337|1|0.403925870055517|3.09814815805652|1.64036850795102
iid:338|0|0.145097130042176|0.22538234105502|0.131089258928712
iid:339|1|1.47572306489741|3.85697623887171|0.258479112558734
iid:340|0|-2.73017911836404|0.0731372623654971|-0.560070671593487
iid:341|1|0.735172175788147|-1.0092984074868|2.94576790564961
iid:342|0|-5.41842734287229|-0.592359394327311|-1.87455053910648
iid:343|1|1.22226978120036|3.40896324618923|0.998707833015401
iid:344|0|-2.07150270096704|-2.27374095023069|0.0431854352451146
iid:345|1|0.500436752437272|1.91866583400905|1.88235674226146
iid:346|0|0.0766982961243809|0.887652802358935|-2.11454892362064
iid:347|1|1.76449316549966|1.99078212125138|0.533899653869613
iid:348|0|-1.75813031447226|0.136674376446289|0.230149804014712
iid:349|1|1.5082685096391|2.09436457459438|3.00135489444929
iid:350|0|0.261214625076196|0.92116719059613|0.208257348783376
iid:351|1|2.4352058840671|0.226647194088108|0.0996208859384118
iid:352|0|1.05082079724493|-3.14387780914837|-1.13442058786313
iid:353|1|2.26395195437795|1.76944088792174|3.59811933141143
iid:354|0|0.675234912751568|-7.90895468304132|-2.72876106933983
iid:355|1|-0.284692527882346|2.39514479911722|2.58040702202815
iid:356|0|-4.19514202477563|-0.447121687038235|0.0374771627017918
iid:357|1|-1.31009849898355|-1.78110061755844|-2.99808409004476
iid:358|0|-2.45214254367002|-3.89259203345245|-0.941350029785695
iid:359|1|0.264710294537066|1.02335857666288|0.910274276254369
iid:360|0|-3.63234537561331|4.4918380795974|0.603196271909853
iid:361|1|-2.30702040946102|2.41412171805587|1.79893304690739
iid:362|0|1.26401057829552|-1.27879890933394|-1.43851573137044
iid:363|1|2.36919274935577|2.30494563454211|1.84201348806284
iid:364|0|0.065284023009792|-2.55162289324082|-1.24582643393239
iid:365|1|1.18274130795464|3.29930441171401|1.85399727646976
iid:366|0|-1.34059178372748|-1.05193811762484|-1.06367642776135
iid:367|1|-0.207688113581893|1.01219556934391|2.80689413805029
iid:368|0|-0.424339082986154|0.896032909115186|-0.215114350663985
iid:369|1|3.1218553624819|2.84045274323895|4.71085144800367
iid:370|0|-2.38256000108398|-2.39720130761682|-1.00804102800803
iid:371|1|-0.0587867785149794|1.2131937930374|2.13454352511154
iid:372|0|0.526468691584058|2.74182113237419|-1.2808330563201
iid:373|1|0.379313170031957|1.81609454238249|0.215522487035807
iid:374|0|3.2463369573544|-3.98079264191343|-1.48914713199419
iid:375|1|3.15406946183895|0.884080607849039|-0.250657684251032
iid:376|0|-0.934837903712246|1.53920460801619|-0.963103102605479
iid:377|1|-1.27597255511072|0.568286241409565|1.52872907996519
iid:378|0|-1.37859128461382|0.448923727771607|-0.442850985203904
iid:379|1|4.03715931560305|0.867912166035511|0.289662238456256
iid:380|0|-0.567596838050717|-1.37009305707298|-0.642882886174528
iid:381|1|-1.59539268467326|1.24018520095129|3.60491870574654
iid:382|0|-1.34700726642403|-2.65607184559534|-1.26364449288123
iid:383|1|0.592796951569885|1.50593802579357|0.358179899468312
iid:384|0|-1.83014053815291|1.60264766165242|-0.861977231206789
iid:385|1|1.79034222019716|3.89957206447209|-2.12089488012216
iid:386|0|-1.57593976781099|-0.845175919352678|-0.351287873648635
iid:387|1|1.61388299665537|3.52099702315363|0.746470619302928
iid:388|0|2.25290853997986|1.17445780026127|0.0463827856035073
iid:389|1|1.64170619705555|-3.53915363209669|1.1845448457323
iid:390|0|-0.893601202888126|1.95134355105936|-0.97544388148234
iid:391|1|0.903715689907949|-0.765694365722466|-1.58147725481388
iid:392|0|-3.28120346559523|0.531593728351559|-1.54330579771086
iid:393|1|1.48028531507139|-0.138492830460542|-0.336348724438475
iid:394|0|-0.381369831470153|-1.49989124361471|-1.54918663705612
iid:395|1|-1.60696053231541|0.99197093397769|-1.50747118292892
iid:396|0|-1.29636995585878|2.37732482080973|-2.12777419810629
iid:397|1|0.767814412985437|-0.55533076899119|-0.429434101909002
iid:398|0|0.948446461843172|-1.94503760760912|-0.414982191940351
iid:399|1|2.031945181307|1.83337122773461|0.371935711359586
iid:400|0|1.85028080328579|0.458391913614342|-1.1101337506846
iid:401|1|1.45537102088534|-0.453706814877826|1.03965795900278
iid:402|0|-0.902877225171585|3.89946515106512|-0.761093404514426
iid:403|1|-0.669139189151415|-0.574328732061432|0.609199610077628
iid:404|0|1.22568266129754|-0.399240148064673|-0.0589045181897153
iid:405|1|-0.616302210281985|1.07439204137811|4.27452047114979
iid:406|0|1.76716335603747|-3.53176354911916|-1.53530204923828
iid:407|1|1.85222959468726|1.33972414799665|0.779647399512767
iid:408|0|1.34742411909082|-0.544101554993745|-1.20595588378043
iid:409|1|2.13382515864763|0.443800972092436|2.20100456914171
iid:410|0|-3.16538575550865|-0.703667576321838|-1.82559946932276
iid:411|1|0.854034697543112|1.25675455259805|2.16607634622918
iid:412|0|0.942737678391116|-3.2209890565917|-1.71401767874193
iid:413|1|1.68481904017811|2.15301608910685|2.53297017691037
iid:414|0|-1.12544999462016|-5.39171557806373|0.255214048734837
iid:415|1|-0.839174583774938|0.839350216429286|2.2262120046247
iid:416|0|1.55154633353053|0.3517646741706|-1.7245416090943
iid:417|1|1.46272022447783|2.21607136818567|1.41481054813594
iid:418|0|-1.08718337147319|-3.83898413769052|-0.103331973227985
iid:419|1|2.64351834840093|0.313369306137905|0.467547836453223
iid:420|0|-1.55865844497692|-0.236343843780859|-2.15186153213306
iid:421|1|1.54171472443644|2.30169124970796|2.7062616728654
iid:422|0|-1.17565774699873|0.965607132888546|0.858130091646143
iid:423|1|2.58099951577399|1.9033951861572|1.31938050755294
iid:424|0|1.58480163595264|-2.52795125785112|-1.7979852622887
iid:425|1|2.54806627630559|0.538140615551107|1.48647662893059
iid:426|0|-0.836349946251187|-1.08529275411324|-2.30852467423138
iid:427|1|3.03776668415997|-1.2353796004262|2.86844888818601
iid:428|0|0.401479943600505|-2.0280366625232|-2.16823653590806
iid:429|1|1.26182570909498|2.42115063989023|2.02201216175295
iid:430|0|-0.0942008339400375|-0.463358423184839|-1.34114739452915
iid:431|1|1.93209691005506|0.24839195704123|1.80944623493438
iid:432|0|-6.77562185646279|1.89805107039519|0.962268971217022
iid:433|1|1.81200986161782|0.105333956039621|2.23553113263647
iid:434|0|1.39454326760605|-4.36984065456761|-1.78125165912291
iid:435|1|0.0718015747205483|3.26797258324237|-1.04637745927973
iid:436|0|-1.29051723978836|-2.03048126239213|-1.04854192293522
iid:437|1|0.404072797369347|3.13643699245815|-0.0856777644372637
iid:438|0|-2.96397964947336|-0.371028963918467|-0.149777365922878
iid:439|1|1.08072614548613|3.65474976039528|2.14998915165149
iid:440|0|-0.133151138984386|-0.848658188285873|-1.41176086538826
iid:441|1|4.48213612596307|2.30575543619686|-1.6463232204415
iid:442|0|-1.2981009520517|-0.267171882700192|-2.75637823697904
iid:443|1|1.04146117004702|0.559282493087869|-3.0434719236649
iid:444|0|-3.5059997461735|1.83970736419818|-1.78884218196079
iid:445|1|1.08402484160611|2.04673761356154|1.11350905248718
iid:446|0|-0.340335675097301|-2.90624095983692|1.27027901612899
iid:447|1|0.621431327520295|2.8773247996554|1.9348202909537
iid:448|0|-3.79125710410147|1.79976128453731|-2.62676639557279
iid:449|1|-0.0322599619826085|0.506652934483645|2.40168540880964
iid:450|0|1.44605693799927|-4.13045361567997|-0.673174249741863
iid:451|1|-0.37021427234659|3.22767668249189|2.13205520166506
iid:452|0|-0.687296046935179|-0.645030367312747|-0.587483966379188
iid:453|1|0.768432318102815|-0.441011285223489|-0.319533461526055
iid:454|0|-0.392445875993457|0.812257432358204|-2.04180174806209
iid:455|1|-0.382570055312067|0.983263025648956|6.35997907730161
iid:456|0|-3.21062847649486|-2.27934318620641|-1.81922228337806
iid:457|1|-0.584001651641385|2.35619889857177|1.63030295587067
iid:458|0|-0.160007345930114|-3.45036657408028|-2.90285982551088
iid:459|1|1.33748452468543|-1.4997302661809|0.728373521298025
iid:460|0|-1.9155461303371|-0.671380540100614|-0.707456712594452
iid:461|1|2.23079790067517|-1.77313182358339|1.88482567837168
iid:462|0|2.99654648266156|2.31243067591509|-1.7931914719648
iid:463|1|0.701716444683484|2.33560017788155|1.83488366451794
iid:464|0|-2.12259778793986|-1.59209531222533|-0.320213444057198
iid:465|1|0.135253498194443|0.262179931470198|1.67581728709809
iid:466|0|-1.75534441363414|-1.24051400886435|-0.699512083796823
iid:467|1|1.3846035975512|1.54678031884116|0.786145741464084
iid:468|0|-1.47832064006637|2.45249806999522|0.531969800491059
iid:469|1|1.9537354058036|1.72121695445599|-0.0261181653153952
iid:470|0|-2.02967119782915|-0.572085704955478|0.345023005136518
iid:471|1|-2.09689457682028|0.2152550798025|0.612778517421997
iid:472|0|-2.60442957143139|-0.50055712339054|-1.34873443848295
iid:473|1|2.58458987315792|0.773799162398952|0.140735670897238
iid:474|0|-0.566880196625127|0.997986977314686|-0.503432709935829
iid:475|1|0.448658884042378|2.92916349846511|0.266393747453738
iid:476|0|-3.60470222974811|0.642251436397164|-0.699352527116349
iid:477|1|2.83962476147365|1.52431426297068|-0.0793804826975184
iid:478|0|-0.401518081569626|-1.73325082898302|-2.57046410479567
iid:479|1|2.2284171595781|1.72298060630459|3.13005446794398
iid:480|0|-0.236678515136542|-6.40911202830521|-1.77162257629846
iid:481|1|-1.42442778641126|1.87377878133871|2.37781554776114
iid:482|0|-3.35472282046105|-2.89422456764664|-0.0224757973716262
iid:483|1|0.804794494542944|0.507410608742277|0.0756102226380246
iid:484|0|-0.934446194519829|-0.892376783644248|-0.338376398720715
iid:485|1|2.27819411046671|3.67786489626531|0.429248498064691
iid:486|0|-1.70091758817431|-1.59153833026155|0.103158562681392
iid:487|1|-0.529923230597326|2.58318801870433|1.06900382125739
iid:488|0|0.68719812580154|1.49561818057586|-1.30897268601357
iid:489|1|-0.112282301313664|0.948856108437789|0.733828172983851
iid:490|0|2.49732047099428|-2.83553675166173|-1.53282504191531
iid:491|1|3.42168330023124|0.438430240428601|1.33866820616158
iid:492|0|2.42791923991797|1.24594208164624|-0.845185470161794
iid:493|1|2.72532744041858|4.55061818745907|1.85684177879829
iid:494|0|-2.28350400764908|1.66797199771719|-0.154996093153995
iid:495|1|2.62627520911898|0.258142718151139|1.97565464113882
iid:496|0|-0.613763055937623|-1.94908651812228|0.761374090762773
iid:497|1|0.50925790141811|-0.0967120503258601|2.76178992742
iid:498|0|-0.719561804854886|-2.60732949423193|-1.28534064273019
iid:499|1|-1.1985557169876|1.89408645552309|0.376127174595676
iid:500|0|-2.23612343161287|-2.90906415098121|-2.51039400006727
iid:501|1|2.18476959979162|2.52689648459142|-0.635433580807515
iid:502|0|1.87285819543955|-4.26992470511944|-1.31034449111104
iid:503|1|1.83529646148542|1.92101677785543|-0.089330963177624
iid:504|0|-2.74342741603542|-1.26709344428176|-3.1488842997828
iid:505|1|-1.32597886751879|2.75413117296216|1.12407251848821
iid:506|0|-1.12461415125988|0.0321377008051851|-3.41611739700844
iid:507|1|-0.692875309600614|1.98755589173143|2.90597276422233
iid:508|0|-3.66640837182374|2.05722395253078|-0.253692348000665
iid:509|1|2.11185846200349|0.460487084128313|-0.756612307559082
iid:510|0|-0.664134001868395|-0.0348099952656737|-2.01235117920289
iid:511|1|2.4522891103691|0.00355431986661836|2.59196376227638
iid:512|0|2.65890097983102|-5.6164078517058|-1.38706041721036
iid:513|1|2.01871145324325|-0.632288125963292|1.90049473271439
iid:514|0|-1.06393205786894|-4.06647674547983|-2.63908896477696
iid:515|1|0.930766960531385|1.39023985435645|-0.395438832285838
iid:516|0|-1.27816284084465|1.25097594080858|-2.69932089310714
iid:517|1|-0.23567544468922|-0.220162297142206|0.462794180571702
iid:518|0|-0.201325485500515|-1.57544833811802|-0.997557782585442
iid:519|1|1.71492324557401|-0.0111049526191045|1.37385604222063
iid:520|0|-0.850013971184479|-5.99116421942152|-0.627263968215304
iid:521|1|1.83951392425249|1.56664865523969|1.92149165822957
iid:522|0|2.24612252944552|-0.327393224065819|-2.23164109596277
iid:523|1|0.442829917685968|1.42759724102139|0.659450495843005
iid:524|0|4.58811956312809|3.06261128291328|-0.871845483797951
iid:525|1|2.68848627404857|-0.780114649898696|-1.75702591118827
iid:526|0|0.403343411860145|-3.45510294660677|-2.59499241288896
iid:527|1|2.12761040427132|3.02257240809945|2.35670073033536
iid:528|0|-1.60767670423134|6.15352631760442|-1.03724372258039
iid:529|1|0.208140891387935|2.70953972009965|1.59832748296947
iid:530|0|-4.34848479579572|1.50083949319377|-0.95669610994414
iid:531|1|1.6059640381267|1.60420238878072|0.201729374023615
iid:532|0|-4.15335432375436|-4.20663898552378|-1.94447244814687
iid:533|1|0.638072897848419|1.67666754115337|2.26564862789738
iid:534|0|1.85196104699042|-2.03572000831619|-0.665091591367072
iid:535|1|-0.431058990213562|1.37823170335486|1.20317354324167
iid:536|0|-0.385279690859709|1.43260411994769|-1.10284507481847
iid:537|1|0.941363971587023|0.442511086765909|-1.54525880274138
iid:538|0|-1.39954930326768|-3.38125961020983|-0.944347238530748
iid:539|1|-0.829781994401893|3.46603520030418|2.78900244414879
iid:540|0|-2.85164770385251|-3.87316649429147|-0.342555755641496
iid:541|1|2.41222638862776|0.0847032204822221|-0.916711763012794
iid:542|0|0.689653712666896|-0.730673853339495|-2.98136610950352
iid:543|1|-1.72918468704533|0.538938169110106|-0.551735022993142
iid:544|0|-2.82660804133267|-0.499798592331803|-0.486938302111787
iid:545|1|0.810712952309139|-0.424675150765634|-0.742608372500857
iid:546|0|-0.792548670068014|1.71718790582372|-0.842996363961781
iid:547|1|-0.212268528834338|2.93810516083097|2.06502279837783
iid:548|0|-2.86303315351465|1.02378022709961|-0.605464633077535
iid:549|1|0.111581090065443|1.00536545447854|-0.508046980862244
iid:550|0|0.0921971202728935|-1.10254236565107|-0.467506699256284
iid:551|1|2.08246901695674|2.31939248217578|1.09220749464144
iid:552|0|0.876614679197505|-1.64557840599977|0.893731461587043
iid:553|1|1.27054595604996|2.14711716352072|-0.383317871791173
iid:554|0|0.896739494854127|0.411793444357911|-0.230243376997333
iid:555|1|0.41999933432453|1.58926366591882|1.77066950314893
iid:556|0|-4.04742642919987|0.746069799110774|-1.49568565694235
iid:557|1|1.7050260315765|0.688650907553268|2.95690807025632
iid:558|0|0.809581292244443|2.00273732486178|1.61658338701926
iid:559|1|1.69108267657513|0.972764402034079|0.0287784937740592
iid:560|0|0.226395823754778|-0.51968764662665|-0.0961201475698942
iid:561|1|0.0908337377096777|-3.18791343455362|1.17301316306556
iid:562|0|0.0825965019585961|-1.27346246995171|-1.12308002735089
iid:563|1|0.752038311933497|1.27998267555744|-0.855516345469786
iid:564|0|-0.991114732887813|-1.93868696758779|0.374572413479263
iid:565|1|1.10414323965397|0.47177825224236|2.54049883052798
iid:566|0|-1.02045712583888|-0.690322142343066|-1.06890872090265
iid:567|1|-0.0224254803128332|0.623996073841885|2.42148314665963
iid:568|0|1.83631598403481|-0.695875012685492|-1.50921073119266
iid:569|1|1.6208246672088|-1.2858441544975|-1.19442954426432
iid:570|0|-1.63908912855371|1.1249176365113|-0.444132063032115
iid:571|1|-0.414887217250385|-1.3659326882325|2.78833383122613
iid:572|0|0.542934712623519|-1.71189254563996|-1.60240073774781
iid:573|1|-0.0200260823789675|2.01632399743125|1.43689413180374
iid:574|0|0.255589400611304|-1.54851249564725|-0.81671979056357
iid:575|1|2.30682666349753|1.4309201215007|1.79243878575479
iid:576|0|-1.44019978481642|-4.61383939151364|-0.906870043968084
iid:577|1|-1.23761086089628|5.08888846499729|1.23778843067585
iid:578|0|-0.307234423996231|-1.32483938191544|-0.107905985099041
iid:579|1|2.31561379513297|3.62362449572761|1.46240082408611
iid:580|0|-2.78133059521174|0.50503828204884|0.304750207203911
iid:581|1|-0.842020169972439|3.79973536624702|2.57216194630668
iid:582|0|-1.15821250072916|-1.66177611691847|0.922329130692732
iid:583|1|2.33773658672608|1.31383243203692|-0.794061427837631
iid:584|0|1.12896323719068|-4.25807133151809|-2.39535867261779
iid:585|1|-0.023567195466998|1.20016481655622|0.584194488889756
iid:586|0|0.767037478937794|0.877090379583755|0.0599644376598314
iid:587|1|3.26518596682428|-0.847788747844745|0.762183401512642
iid:588|0|3.41690976499741|-1.61185861621983|-1.0166946521092
iid:589|1|2.76657808793827|2.31611357279441|1.28836282161003
iid:590|0|-0.237124587679547|-1.18359791977208|-1.06264497563927
iid:591|1|1.79203728659145|2.32059739352317|-0.101812794588493
iid:592|0|1.38906977805934|-3.62877392959288|-0.750585257149391
iid:593|1|-0.89272978362955|0.799902568864351|-1.09930709623483
iid:594|0|2.36326633190678|-5.78800181172243|-1.59217159444902
iid:595|1|0.404468585043252|1.43243513300092|-1.10396939378834
iid:596|0|-0.436912604232283|-0.832003497358742|-1.20330935357815
iid:597|1|0.998942099548516|1.49648214201709|1.74765439764787
iid:598|0|-4.09843490812347|-1.61753348779425|-0.517897784239666
iid:599|1|1.30044260122488|0.88579591150531|-1.8652774527072
iid:600|0|-1.67053631490776|0.239449701611494|-2.42204050217514
iid:601|1|1.80601044696767|-0.759154308981738|-0.54133914421372
iid:602|0|-3.0820517091595|-1.07883218281607|0.0519412373105306
iid:603|1|3.09311506894024|1.81857717126948|-0.295815691273493
iid:604|0|-1.89352563964801|1.75526775652898|0.000277616572874173
iid:605|1|2.49842240169639|-1.60140919211139|-0.155338800290499
iid:606|0|1.28497891859275|-3.55912873323683|-1.32688657058382
iid:607|1|2.13718570224172|1.51014263857817|1.32236906225059
iid:608|0|0.469644879492174|-1.73378962407469|-2.46710396554849
iid:609|1|0.564471814142379|1.47846500735128|2.83816385361194
iid:610|0|-0.449141753104931|0.918116930759228|-0.720552556266069
iid:611|1|0.887563326484523|5.04881783525906|0.754180982521167
iid:612|0|-1.27182914665197|-2.25586083693102|-0.313141361571234
iid:613|1|-0.548188645578137|0.0872167775871078|0.977887478455432
iid:614|0|-0.187789005383849|-4.75616944778288|-1.7946298731319
iid:615|1|2.32970492880963|4.27080552236153|-1.55661700475376
iid:616|0|-1.21620731826619|0.691798570495748|-2.47024793371455
iid:617|1|2.24197291765952|0.372280117377013|0.381884429553943
iid:618|0|1.59143639893806|-0.820401000041635|-2.75991931365216
iid:619|1|-0.0446821435913614|0.910183880961736|1.28994149733188
iid:620|0|-0.181137310521185|2.527694625787|-0.417161009088014
iid:621|1|2.44348552154615|3.91880848231025|2.00805624487102
iid:622|0|-1.63993325972948|-2.1840451681614|-2.33235324777942
iid:623|1|1.67707627892946|1.9824585424849|2.66090785111754
iid:624|0|-5.44407896929689|1.49060298285643|-2.04917448630502
iid:625|1|0.0316538770659537|0.674059873001171|1.82245299901706
iid:626|0|-2.55173618858356|-4.23923381256392|0.412333328441641
iid:627|1|-0.628545930655359|0.790658538151442|1.83517632853372
iid:628|0|1.15331736580233|2.74550490087445|-2.53114933790962
iid:629|1|-0.640884467236422|0.816396783236809|2.53073837082081
iid:630|0|1.10409470464612|-0.526606061366425|-1.51324642398317
iid:631|1|1.5520226554956|3.303488797633|-1.33266466963499
iid:632|0|-2.16276789953991|1.20752202464637|-1.64568533917752
iid:633|1|0.407402768482562|-0.277448144727172|1.25450203667068
iid:634|0|-3.55681906992231|1.55792372779061|-2.06308829016104
iid:635|1|-0.67373449428679|2.88322931747628|2.0222421749032
iid:636|0|1.13024804591869|-0.271769648623331|-2.15903814176123
iid:637|1|3.09832222532697|3.27602928763619|1.18728184992407
iid:638|0|-1.07575514586119|-4.4767000385431|-3.15067800695801
iid:639|1|-1.0549341968495|-1.92047802826764|1.14087388147956
iid:640|0|1.72246671939579|-0.0389071030312929|-2.63750466261734
iid:641|1|1.10808683061319|1.95550419085384|0.756243223620592
iid:642|0|-2.39410211124205|-4.26413330097967|-0.054357747881206
iid:643|1|2.17386173802352|5.03379513734701|-0.00170454726232561
iid:644|0|-4.00780869737672|-5.83370750453944|-0.153960814864832
iid:645|1|0.899726365123716|-0.209827711038687|2.63153379167538
iid:646|0|-1.8796130241931|1.52045068511264|-1.09785606881912
iid:647|1|0.995351564059933|-0.662990922498181|1.66295305915481
iid:648|0|-0.123308390571511|-1.97618750692249|-1.02228168760102
iid:649|1|0.0665946148026052|3.4688802454011|0.142371492070652
iid:650|0|-0.510964141506415|0.209681334576907|-0.881129990384747
iid:651|1|1.27148537987406|2.75269873658051|2.00753448175447
iid:652|0|-3.33492188510443|-5.93836765778344|-1.6863371342935
iid:653|1|-1.54935984156439|1.88866817282722|-0.752518490889339
iid:654|0|-0.158897343867445|-0.618259434200256|-1.86250808102074
iid:655|1|0.656811604062681|-1.14196338941209|1.97412880911225
iid:656|0|2.57519960841417|-7.59773909633689|-1.08324510141692
iid:657|1|-0.686005817858141|0.784386277038806|1.88510172245413
iid:658|0|-1.53289941153336|1.14311271651366|-1.03460264130569
iid:659|1|0.959711149015228|-0.182090124138999|-0.620676758431453
iid:660|0|-2.78888942498653|2.28827470365384|1.34282559635987
iid:661|1|1.65907292533591|0.567603864916399|0.999307842233756
iid:662|0|0.218865862725297|-3.36572506276762|-1.83188909126557
iid:663|1|2.12662360949232|2.74956023748933|2.30229093998158
iid:664|0|-1.08897041236554|0.308131082992317|0.642819569111676
iid:665|1|2.63229261984979|1.41653576211251|-0.203330236900134
iid:666|0|-6.71377587389151|1.59199337639637|-1.76649984315487
iid:667|1|1.71738574109445|2.15698653097117|0.612860083508785
iid:668|0|-1.71289666807583|0.957375182655352|-2.65047469452681
iid:669|1|0.15611515879984|0.780577725200743|-0.0624324576106621
iid:670|0|-4.14717431650215|6.13107531049999|-2.49868993566102
iid:671|1|4.54800780119781|0.771290690044361|2.19358270158287
iid:672|0|-1.1103178638665|1.27299135497262|-1.02506476039973
iid:673|1|1.60599200347667|2.87571268993562|1.68178443378909
iid:674|0|-2.11968729620363|-1.19397665488461|-1.51784345055388
iid:675|1|3.1124316952077|7.18140061844376|-1.33951720341788
iid:676|0|-0.715785682610154|-3.26011158362458|-0.120736844622915
iid:677|1|-0.683712977789576|-0.111708483699104|-0.604909683354153
iid:678|0|-2.45171998054568|-1.11918796728754|0.856681987701918
iid:679|1|0.874630816631504|0.756033083711571|-1.29959267127392
iid:680|0|0.510449855798598|1.42719753260655|-2.33938183209479
iid:681|1|2.04355696519796|-0.0893973045958303|2.47079774761422
iid:682|0|-1.32854372372625|-3.82853236049677|-1.49410468689248
iid:683|1|4.77017409673448|0.970777885250315|1.71693803271466
iid:684|0|0.328567145162218|-1.90427248991979|-1.3344043371922
iid:685|1|0.304750041877361|1.4653349467809|0.351890457800553
iid:686|0|1.36547181715346|-2.42092550223501|-0.950502749584073
iid:687|1|-3.09746783196868|2.20791866572138|1.87821873896578
iid:688|0|0.0257687202517791|1.63653522683176|-1.1147093274829
iid:689|1|2.65719645650844|0.233751632492377|-1.5282042398794
iid:690|0|-2.48491390872221|-0.0994768649230741|-0.239089463237568
iid:691|1|0.987980525982352|1.61980174429103|0.288135520242729
iid:692|0|-0.863545028827805|-3.35964932115946|-0.944676908280212
iid:693|1|2.10701385177528|2.72288622641742|0.961136648164536
iid:694|0|-3.39128123997247|-4.37315280308328|-1.24829435336285
iid:695|1|1.02189981930361|1.3285821445137|1.37602684580093
iid:696|0|-1.99293409544178|-0.631883786660722|-1.9195468320407
iid:697|1|-0.333803528939072|-0.0654057665758223|0.587538080321569
iid:698|0|1.11574986412882|1.31178302713862|-1.532202408567
iid:699|1|3.1235765158897|2.13908874016817|0.857914508071458
iid:700|0|-0.317862750068019|-1.29508464017761|0.477829386439487
iid:701|1|-0.879883695400031|1.3122677704619|0.420744646605253
iid:702|0|-2.11189730721389|-2.30681212893964|-1.80138817521301
iid:703|1|-0.283710749050679|-0.256320083064337|1.99097845044619
iid:704|0|-1.09879909415051|0.810475407828153|-1.29403895314852
iid:705|1|0.409298793447785|2.22143471240851|1.18835155516438
iid:706|0|0.175438974398056|3.14653779752536|-1.99502114795926
iid:707|1|1.73839772758764|2.43847773551421|-0.71281527846907
iid:708|0|0.167610304948371|-0.367745638078733|-2.10616891331182
iid:709|1|0.656297158700777|-0.977278093113174|2.44771461700691
iid:710|0|-0.603272792084209|-3.39423217112537|-0.771510194402668
iid:711|1|1.99567181514342|1.72764035561729|0.499239164878412
iid:712|0|-0.617938291540942|0.467519497460564|-0.659602504503242
iid:713|1|0.0977279163622096|1.4472418448615|1.87404410601587
iid:714|0|-3.43732803658187|-1.60266951570288|-2.35750315919961
iid:715|1|1.28176201900434|2.17026262199106|2.60304043446328
iid:716|0|2.00652727587026|0.21863014266496|-1.17123041271816
iid:717|1|0.292371764227206|-0.156988342748853|1.39918945546377
iid:718|0|-0.073392920741275|-2.64578070305393|0.335515724595293
iid:719|1|-0.18611250251854|1.20806798660223|1.00599211654525
iid:720|0|0.397259752871863|-0.289356799257903|0.0202121313217289
iid:721|1|0.904703944194801|3.78730145268176|2.70440568289955
iid:722|0|-1.11238538107007|-1.16835958221859|-0.601845843150375
iid:723|1|1.71556907277141|0.1537643065836|0.820521336807414
iid:724|0|-1.00425166608015|-1.45938503029757|-1.7828516802642
iid:725|1|0.789971327071942|0.470834107780458|2.41666513581563
iid:726|0|-3.92229489934916|-2.38279710963623|-0.791937002012406
iid:727|1|1.20295022263604|0.851828093423585|-0.598757103922101
iid:728|0|-0.117956905226346|0.565518389928713|-1.6072822784308
iid:729|1|-1.07617856680052|-0.0691343481517555|0.587825536374848
iid:730|0|1.45913616310255|-0.470144921335685|-2.30449423780978
iid:731|1|-0.00699063653567822|2.79673097551965|0.663812304077507
iid:732|0|-0.947640021309279|-1.57329949668981|-1.02806699168556
iid:733|1|2.44786216963889|-0.185236080952913|2.63404858497
iid:734|0|0.40280892162389|3.10672159951837|-2.09564040803811
iid:735|1|1.26408173296746|-0.0369617172062529|1.08560301900588
iid:736|0|-3.61982200994969|-3.12573918365446|-2.40557221000201
iid:737|1|2.02910416420006|2.58911063410238|0.0244649321168986
iid:738|0|-2.22101591276707|-0.693754624337243|-0.816526819684934
iid:739|1|2.15921110422204|-0.245565728851658|3.6264603338596
iid:740|0|2.17018345229824|1.02284915299798|1.24589560592128
iid:741|1|2.34051269341191|2.48056200392611|2.07790311637292
iid:742|0|-2.0853213752314|-4.59405612625017|-1.45444848250177
iid:743|1|-1.39372334107808|2.05730714974962|0.692105783077438
iid:744|0|-2.87505230889524|0.541839913843378|-1.70494261003468
iid:745|1|1.07154345113913|1.32768550487323|1.22546670214606
iid:746|0|-2.98318927995899|-3.56477350487749|-2.53055088132195
iid:747|1|1.81855028923044|-2.49506033134052|-0.792520743095408
iid:748|0|-3.10731437454681|0.291816167324559|-3.54713898936171
iid:749|1|-0.681474961680855|-0.955086068180812|-0.614150744955367
iid:750|0|0.131911912956378|-2.91560795493383|-1.77552738005827
iid:751|1|1.05269660045373|3.60240062187711|0.0388384275582445
iid:752|0|-2.96699773193444|-0.759597118632056|-1.48175530880997
iid:753|1|0.301999734530551|0.529131853523091|4.42732690611065
iid:754|0|-1.12993772754023|2.07772750873321|-0.00692951019718513
iid:755|1|-0.785360861116592|0.564170755424048|-2.16098715034095
iid:756|0|-2.61362419674174|-0.909144086278858|-0.4785150946989
iid:757|1|0.322362266500818|-2.20764322192862|2.43997263077624
iid:758|0|-4.02992389570319|-1.2965390483014|-2.07484011665105
iid:759|1|0.203774216778202|2.56191263440988|1.44322739841709
iid:760|0|-1.62262276820822|2.82152111435601|-1.55239012457745
iid:761|1|-1.09852089493756|-0.260179345756162|-0.656334900364996
iid:762|0|-4.02923990451756|-1.64128314266121|-2.42251049162463
iid:763|1|2.8288930942915|0.84638918800904|0.848277324917427
iid:764|0|-2.04639703288417|2.43232717055847|-1.63822264913505
iid:765|1|1.91537742242817|2.99016995063621|-0.0522235833067717
iid:766|0|-2.35947992774164|3.37408684321637|-2.08701376801611
iid:767|1|2.69187847388752|0.250583010599819|4.02120569993574
iid:768|0|-0.158135676726607|-2.6408371565494|-0.209437248945107
iid:769|1|-0.364183644819756|3.28763262274905|1.82364138888567
iid:770|0|-0.360066457779434|-4.1994531219799|-2.06974342906241
iid:771|1|1.05867551230085|-1.28528013197932|2.66914111743004
iid:772|0|1.77243768480215|0.12617759250982|0.799927076686186
iid:773|1|1.58112198917839|1.02312652122705|0.340172230079505
iid:774|0|-3.05293147921392|-1.83041386447226|-1.14927707869201
iid:775|1|2.42891912355897|1.3260309676457|0.408551265980615
iid:776|0|-3.94527733570654|-2.69692944007921|-0.932905891591843
iid:777|1|1.57827459832|0.583216199531267|-1.0062499604928
iid:778|0|2.84826552563015|0.659457280899359|-1.32714850013296
iid:779|1|3.33131913220135|-0.265218585419071|-1.98819651736704
iid:780|0|1.57656160248899|-3.6545575587258|-1.44133651160026
iid:781|1|-1.9630546940858|0.89337544399791|1.50646126150978
iid:782|0|-2.73592758692086|-0.539359314567684|-0.86360599239716
iid:783|1|-0.749884021692395|3.01230683079577|1.55487595576869
iid:784|0|-0.125950686302818|-1.13539727473932|-1.22867539789379
iid:785|1|-0.516681945772567|1.22216017301308|-0.462754170850817
iid:786|0|3.60817601186566|-4.33745396448167|-2.14071776047735
iid:787|1|-0.125079377606968|-1.4303326701079|-0.776179448525954
iid:788|0|-0.749701933995066|-5.95398620194868|-1.90783733193057
iid:789|1|1.9719832876703|-0.750839523831794|-0.861706233604103
iid:790|0|2.53832969443804|-4.72065908122003|-2.43549207559649
iid:791|1|0.873625199770581|2.08059911133168|0.371086738054056
iid:792|0|-3.1887515638036|1.00997231433191|-2.71366084403409
iid:793|1|-0.565897161298387|0.196581024536346|1.76788455622656
iid:794|0|-1.48166504976584|1.0931972017126|0.29996501801534
iid:795|1|2.01542668327051|-0.978373503935871|0.73276030120312
iid:796|0|-2.98802743538888|-4.19025340228687|0.0400815740892337
iid:797|1|0.204198551529906|-1.13539059638222|1.85316123933253
iid:798|0|-1.56835935630108|-1.80527761792112|-1.06906824950538
iid:799|1|2.61640187297283|1.56827231793895|3.86012225200967
iid:800|0|-4.26273963684412|0.171016341759695|-0.274195755482939
iid:801|1|2.13893159498354|-0.0821936254444959|0.513160684891305
iid:802|0|-4.36115031385842|0.212740908666863|-2.28466252657245
iid:803|1|2.42559733930381|0.335554983790803|0.106660411782154
iid:804|0|1.01259745229479|-1.61750700136963|-1.86533030485417
iid:805|1|0.84558498936451|-0.712827501603005|0.327817857823949
iid:806|0|-2.69816938888116|-2.22926016224431|-1.09252751689031
iid:807|1|0.953683861700797|1.32411269076828|3.08325575778938
iid:808|0|-3.57841632685878|-2.13265824456105|-0.203414984975377
iid:809|1|-0.160446319828665|3.89655206151502|0.63930959051367
iid:810|0|0.165605076451738|3.59096377694686|-1.98288268764002
iid:811|1|1.75324543604558|-0.676716571532965|3.06453387483322
iid:812|0|-0.06528440614655|0.26435714182971|-0.360194611041056
iid:813|1|-0.355435568770611|-0.763374551880412|1.38327055531342
iid:814|0|-2.73046274861171|1.24254825419811|-0.796085419666506
iid:815|1|1.24095719553772|2.72148856098525|0.631207111548807
iid:816|0|1.02084464074158|-2.05489587272917|-0.89783650878212
iid:817|1|-1.97862687389298|0.89705764575646|0.954201604405269
iid:818|0|1.83110834964417|-2.05682329916569|-0.619417714925295
iid:819|1|2.069985426385|0.998251759260068|1.47146514294326
iid:820|0|-0.486433891327706|-2.47276808156804|-0.551364326625458
iid:821|1|0.89533166907728|1.77804697235944|-2.22673440400576
iid:822|0|-1.89871924942774|-1.47035635073065|-2.12549156112981
iid:823|1|2.32652533733144|1.0931034723138|0.568763669250308
iid:824|0|-2.09758204750863|-4.69065630515447|-1.26437697550315
iid:825|1|3.09344274902185|0.559291200283616|0.0550335693861124
iid:826|0|-1.47182936588058|0.250352519742561|-1.60235314011536
iid:827|1|-0.650795694246562|-1.59853286741177|3.30752409944488
iid:828|0|-4.61766835809202|1.44437907319705|-0.868069745126529
iid:829|1|2.16593195676218|1.59591210614639|-2.81738307256604
iid:830|0|0.0264897967361484|-1.32503345733877|-0.706302340897416
iid:831|1|-1.60207949602671|1.51191263863753|0.589924088057178
iid:832|0|-2.70272757540251|-2.6382302504407|-1.16839503874975
iid:833|1|0.878704619000992|1.3577389283751|-1.34628391952181
iid:834|0|2.75981981496851|1.01818657904709|-0.254075107275265
iid:835|1|1.64498036052125|1.47450514794104|-0.346057722893341
iid:836|0|-0.752545749363557|3.05226411717195|-1.5187421316676
iid:837|1|-0.11237398405493|3.38579632672586|3.21650421730247
iid:838|0|-1.28258110666575|-2.69425782698242|-1.32266927729763
iid:839|1|1.65155406857086|-0.963123095003041|1.09833726794418
iid:840|0|-1.47359506890884|1.68633606481611|-1.23700100282418
iid:841|1|1.9166597361514|-0.540123327927222|0.106175120388156
iid:842|0|-1.17461417011003|-1.1497017198874|-0.928494190995285
iid:843|1|2.83282583646764|2.19914064497483|1.96735754891267
iid:844|0|0.803459543022192|-3.03784924446746|-1.05473313239346
iid:845|1|-0.816092844894005|0.585501588371375|1.55273130895079
iid:846|0|0.625048079672064|-0.329561014568008|-0.901273525871331
iid:847|1|1.38805109792716|0.919342962249656|0.398317956195053
iid:848|0|-1.84810088013991|-0.802701105410642|-1.35727112899853
iid:849|1|2.91476993055409|0.935824060868391|3.29570656577195
iid:850|0|-2.94270522168231|-2.31824343762091|-2.32475363058026
iid:851|1|0.438912741085375|1.60314099926279|-1.82071851618519
iid:852|0|-0.641360161073685|1.92329460510671|-3.16445108240363
iid:853|1|1.90649974422567|2.6781027184213|3.17784786564881
iid:854|0|-0.14644147882031|-0.632681375990326|1.076098403156
iid:855|1|-0.98468273721936|0.0574519159928516|-0.401420445096698
iid:856|0|-2.15589598908675|-1.63971906158913|-1.91386651584663
iid:857|1|-0.217723068194214|3.08025599816524|1.03757763269117
iid:858|0|1.80920300434797|1.04586166759497|-1.33953782378075
iid:859|1|4.39320459123519|0.455444544606405|0.416903008539626
iid:860|0|-1.78780952103935|-1.91707581035051|-0.0997818541473279
iid:861|1|1.1737452716879|5.42655695942239|1.36188519580978
iid:862|0|2.45256806587193|-1.1555899722844|-1.74612384864032
iid:863|1|2.31930761123794|-0.0419868612750092|-2.0594926929041
iid:864|0|-3.88536418455996|1.40445407874836|-1.34060506144919
iid:865|1|-1.80135977642992|0.683932344465168|1.9889295821388
iid:866|0|0.273584344269837|0.6234513902104|-0.516549262017005
iid:867|1|-1.68198262348128|4.50254153572274|0.0399101905416497
iid:868|0|0.86567895847705|-3.98142549477298|-1.31281605275244
iid:869|1|3.80788089321496|1.23866318017428|1.41815685265964
iid:870|0|0.335994736843439|-0.734803065091438|0.692712525013675
iid:871|1|0.607821238418713|-1.67710076691051|-0.324405724712694
iid:872|0|-0.247396798320283|-3.83127680649695|-0.387791917518693
iid:873|1|0.161301767101423|0.64788707348706|-0.185219671045981
iid:874|0|-3.27214904544618|2.83244767443484|-1.43824257131448
iid:875|1|0.839499236551552|2.17656800137801|-1.10345292736859
iid:876|0|-1.97070804672722|-3.68648975431658|0.433855638450261
iid:877|1|3.34966540600936|2.97856183679856|-2.46730312862163
iid:878|0|-0.841506349490367|-3.00319954886227|-0.480478591188276
iid:879|1|1.96419946774285|2.47905525921901|3.83896852196699
iid:880|0|0.704734611424174|-3.95138538624042|-1.05218079266595
iid:881|1|0.804308741494348|1.83958047431442|1.34522541701489
iid:882|0|-4.13975675391185|-1.43688463863827|-2.04449275352423
iid:883|1|-1.50683516600692|1.49670005242697|1.29854561527337
iid:884|0|-2.15067950377384|-3.5251129083091|0.37200564466853
iid:885|1|3.48936517581125|2.3173878526289|1.47702292389569
iid:886|0|-0.443882143523752|-1.54924400220481|-0.220271865898951
iid:887|1|-0.0852309940867315|-1.80303876912334|2.50997731710445
iid:888|0|-2.58376013460991|3.98098915496|-3.29524165658917
iid:889|1|3.22992731447454|1.54374075155085|2.65932888841763
iid:890|0|-0.507952060650025|-1.43929054749729|-1.93338820025536
iid:891|1|1.00904371664291|-1.30549955380907|1.10338506871321
iid:892|0|-4.50458751569227|3.80906411186475|-1.39233721286903
iid:893|1|3.39452067933973|1.31914983352335|1.90388456666111
iid:894|0|0.734265495538505|-0.196966543812785|-1.95190459671068
iid:895|1|0.295753436623161|-0.706247376843335|1.24862499578888
iid:896|0|-3.66764972031642|-3.96606774350546|-0.541005185420138
iid:897|1|-0.762730685082576|-0.772931245323663|-2.35884736188187
iid:898|0|-0.650507416148396|-3.46989080006645|-0.801989559448226
iid:899|1|0.14812824731781|2.55721758881655|3.01498320601209
iid:900|0|2.99609068796693|-1.2596074130053|-1.26019714515848
iid:901|1|1.55159274506003|2.13430071308098|-0.00075915581034236
iid:902|0|-6.08710792725417|-1.36021033672771|-0.574559909658601
iid:903|1|1.1600011188868|1.75476274859554|3.24068640319124
iid:904|0|-0.961379724402612|-3.11666088863464|-1.15711724273589
iid:905|1|2.16905314451269|0.685505089960433|2.28927079539434
iid:906|0|-2.98815883796555|0.779128787889894|-0.584417552295963
iid:907|1|1.49601986498167|-0.903228168701733|0.661942474824652
iid:908|0|-1.33283147270198|-0.967468658727731|0.718898439222528
iid:909|1|-0.649967642546862|-0.316260340741324|-1.82658151619957
iid:910|0|-0.257509196974202|2.88800042625873|-1.12103030511179
iid:911|1|2.32988630478904|2.72711417609978|0.0630087992380485
iid:912|0|0.867156140276622|-2.72228666158246|-2.80646142265168
iid:913|1|0.0337653201918553|-1.02382451466144|0.429752146967544
iid:914|0|-0.759829510161224|1.02615294497376|-1.8724319419096
iid:915|1|-1.23632612729766|0.961562503249722|0.506156318369714
iid:916|0|-2.04193835579473|-1.44567327953297|0.283895216638133
iid:917|1|-1.62039503574466|1.26970069737519|1.75573787225726
iid:918|0|-1.37311865048241|-1.58458749527144|-1.04436794448514
iid:919|1|0.666794875230365|-1.97137450808728|-0.216453351063986
iid:920|0|-0.170342175283576|-2.52117581104138|-0.467242310441832
iid:921|1|3.40203441581733|-1.10289370549922|1.77339315398891
iid:922|0|3.12375644352245|-0.768196227851683|-1.21752713017215
iid:923|1|1.56540976376456|1.13882362256088|-1.64915974727719
iid:924|0|-4.27506822005409|-2.51760543208992|-1.66776164810958
iid:925|1|0.593279504358994|-0.0969534684811433|-0.527942983267424
iid:926|0|-1.57954515339623|-5.92110275069472|1.38510476973016
iid:927|1|1.19048068525381|3.47732295349764|1.40120926576894
iid:928|0|0.554157682428871|-2.5819280717691|0.469761045876271
iid:929|1|-0.806820503436153|2.34534024548491|-0.92929826584952
iid:930|0|-0.857081837619107|-0.990561541222232|-0.103642488396617
iid:931|1|-1.26253377954409|0.289363664625181|-1.90708375753714
iid:932|0|-1.42958488698034|-2.40918154769346|-0.733671945835159
iid:933|1|2.10378125134128|2.54937650871886|1.44836909923343
iid:934|0|-0.433766712276398|-1.19588849391404|-1.3501877690018
iid:935|1|-0.132337375342485|1.72084420938118|-1.36448324385067
iid:936|0|3.30220065543237|-2.94854616173011|2.19604307796438
iid:937|1|1.58867760867352|1.56246996760212|1.43723478612686
iid:938|0|-2.19671264702374|0.624302453456316|0.616860567108806
iid:939|1|0.991627189147515|1.65009559645306|3.68436203971952
iid:940|0|-2.16972480519567|-0.251222532266033|0.153343968806499
iid:941|1|1.34059190577937|-0.956821035158637|0.418787944634739
iid:942|0|-2.51823286907595|-2.38362063029276|-1.53197996854597
iid:943|1|-2.22458058547424|0.763932458238272|0.0581769913565157
iid:944|0|0.0726308457227989|-1.44069297172925|0.0783401998815099
iid:945|1|0.892509646781837|0.239257881298248|1.25251785736317
iid:946|0|0.246540737698872|1.75106926948261|-0.0854281282447723
iid:947|1|1.8894938450266|2.03578554803766|-0.798634576142954
iid:948|0|-1.16518790245604|0.48820928124023|-2.22599448474578
iid:949|1|3.1117164117786|0.912206968393581|0.207313498618453
iid:950|0|-0.495593510427175|-0.0171579874469316|0.168351757130961
iid:951|1|0.127845110094333|2.02612603395788|0.810787442723019
iid:952|0|-3.67420043884841|-2.19784559560432|-0.129234052617519
iid:953|1|4.23073352185522|0.386540867866264|0.78999496994784
iid:954|0|-0.00710177170028459|0.651989743453053|-2.58439943302235
iid:955|1|-0.965008872400509|1.27683149506584|2.58019669413065
iid:956|0|-0.914403592318813|2.95894309291533|-1.11709587186039
iid:957|1|-0.292855794121839|0.06904703825434|2.57580760768689
iid:958|0|-0.829744832747574|-2.37226096619725|-0.451449120543782
iid:959|1|3.40966645437345|0.0757771386643503|1.02416220723874
iid:960|0|-0.590183820656687|-1.99313601370544|-0.965968831601269
iid:961|1|1.21053905414218|3.05463256092107|-1.57956574118325
iid:962|0|-1.04082816088211|-2.49687652854064|-0.953013777863873
iid:963|1|1.22018423090694|0.630556623600437|-0.138153957441398
iid:964|0|-1.75106927370095|1.39294105260456|-2.22188318431495
iid:965|1|0.932742943752186|0.928076975722412|2.08305419183001
iid:966|0|2.37370573520645|-2.95455212781933|-0.719621702792235
iid:967|1|1.51790226760011|2.33340806337398|1.21049384950669
iid:968|0|-1.20838857276264|-2.40607400936891|-1.81012040041593
iid:969|1|2.54150725367559|0.427820338779114|2.43566162920288
iid:970|0|1.38512996792582|1.29548934108391|-1.41922039852462
iid:971|1|4.68898275690023|-0.649022974864596|1.92558812211107
iid:972|0|-0.60920945164573|-1.01010550849431|-0.566737102237289
iid:973|1|-1.48096341107416|2.07328800513853|0.242378075014014
iid:974|0|0.410627747049056|0.706402979144952|-0.727487677995286
iid:975|1|-0.226537402708661|2.07976554364155|-1.35136709106793
iid:976|0|-2.75511920667728|-0.904363722387552|-2.64454163214767
iid:977|1|0.275212341279648|2.58890485439577|0.673420624915947
iid:978|0|1.09246565977361|2.74700445410333|-0.52513029088659
iid:979|1|0.565101596592101|1.04614040196158|-1.83835754028063
iid:980|0|-1.15937848267088|-2.43851876069644|-1.97597817890135
iid:981|1|-0.878474045106789|-1.3669313193169|1.22940913769797
iid:982|0|4.33820376262146|1.93815596220549|-0.983211878909472
iid:983|1|1.37717876191804|0.789713304163683|-0.593402453619202
iid:984|0|-3.0492361367602|-2.41337720486354|-2.01105373907014
iid:985|1|4.02409412329717|2.31796176448866|0.734564381172335
iid:986|0|1.71565747496312|-0.0291633981069664|-0.770883137679719
iid:987|1|1.04975943519804|-0.764787620710067|1.74591031731568
iid:988|0|-2.04656233988579|-4.1381504735585|-0.393978482813778
iid:989|1|0.35963488579597|-0.119089512764013|-0.606849613145475
iid:990|0|-6.49458792864886|-2.11906335907093|1.53352696340442
iid:991|1|0.022211164349627|0.865741265777407|-1.74690401683338
iid:992|0|-0.310501681063374|1.40754007505477|-0.46266166611864
iid:993|1|1.81591694868642|1.52776713786683|0.173609055315798
iid:994|0|-1.75670171407183|-1.1332642667942|-1.66444504160009
iid:995|1|2.50621839931881|-1.45143488507468|0.556227600846667
iid:996|0|-3.390274048015|-2.35825660381859|0.606089908799594
iid:997|1|3.47406377992578|-1.76952519836464|-1.18520288732186
iid:998|0|4.29688899623969|-4.45077209838023|-0.444318760128748
iid:999|1|1.27189888162359|2.97672642743713|1.66119050828362
iid:1000|0|0.893318384985909|-2.82471763707216|-0.496576644335077
